-88.37212 -80.04698 -85.52677 -78.83871 -81.8397
-77.68476 -79.41438 -82.99702 -83.84639 -81.60995
-80.73541 -73.33826 -92.08631 -84.71351 -82.69339
-81.74566 -70.15635 -94.96516 -88.26383 -84.98144
-82.2201 -79.65323 -80.13326 -77.87747 -89.63173
-82.75095 -84.6478 -81.34944 -71.89949 -97.36471
-89.40793 -83.32539 -81.98677 -69.36785 -101.0978
-87.73027 -83.69857 -86.14355 -84.2345 -86.39843
-81.42151 -78.74114 -81.61717 -81.69472 -84.46815
-80.10973 -87.19266 -86.71116 -85.31435 -85.83488
-82.67024 -80.65567 -77.14003 -86.72754 -82.81969
-80.99664 -84.84559 -79.39786 -84.60898 -81.37301
-77.60331 -88.04038 -82.89085 -82.77211 -80.64414
-73.57854 -91.30618 -84.63004 -80.03057 -85.25697
-80.5742 -89.64121 -86.36478 -84.02692 -83.1691
-81.98522 -69.60624 -107.6279 -93.63217 -88.43933
-84.78917 -83.95688 -81.06261 -85.28514 -81.88136
-71.65004 -90.95162 -86.72676 -82.61435 -80.25002
-76.00435 -85.275 -84.34022 -83.60869 -83.22057
-77.25789 -86.37184 -86.87126 -82.70714 -76.78823