321.9726 321.1745 319.9538 319.422 323.1716
321.204 318.7179 321.245 320.7784 319.3833
319.989 321.2736 320.8393 320.9735 323.1592
321.5446 321.8267 320.8101 321.9603 320.7799
322.1649 321.8524 322.9231 318.5939 320.1812
322.0133 321.0996 321.0619 320.3102 321.283
321.2173 322.0861 320.5478 321.3924 319.5369
319.359 320.8265 322.6057 321.9184 321.8968
320.6127 320.1119 320.2628 320.8558 322.0654
320.8318 322.6503 321.551 321.6508 322.5088
322.7814 322.3646 320.2787 322.4337 322.381
322.039 319.9271 321.3911 322.7005 321.1398
322.6293 324.9796 323.3428 320.6857 320.938
322.4737 322.615 323.3164 321.5956 322.046
322.6983 320.8265 322.924 322.1777 321.8456
320.5043 322.0993 323.7637 321.9676 321.6535
320.9393 321.7817 321.3409 320.7456 321.199
321.695 321.228 320.7795 319.807 321.9113
319.9489 321.08 321.2486 320.9853 323.078
321.106 321.19 322.2676 321.3758 320.8142
321.1518 318.1472 320.549 320.2674 321.7089
322.7071 320.7157 320.9125 321.0158 321.6644
321.9634 321.7507 321.798 321.003 321.5714
320.8842 320.6579 321.1663 321.5025 321.1838
323.8231 324.2155 321.3131 320.5585 321.5584
321.067 321.4513 321.5661 322.8116 320.4736
321.5028 322.7202 321.7861 323.073 322.4646
322.8419 322.7739 321.9713 322.5774 321.2964
322.5272 321.35 321.3407 322.4804 321.8551
320.5858 323.0411 321.9163 322.8479 322.1876
319.6388 322.0244 324.3631 323.7793 322.8897
323.0761 322.1658 323.4077 323.2725 322.8976
322.4078 320.4044 322.0792 321.9782 321.549
322.1945 321.1887 322.6036 320.8972 320.0686
320.5017 319.2309 320.7201 319.7249 321.6389
320.5771 321.2309 321.556 320.7849 321.405
323.0775 320.4269 321.5239 320.3596 320.8804
320.5426 321.4012 322.0161 323.1929 321.9607
321.2003 322.7508 321.0069 320.8441 323.0812
320.2055 320.3697 322.4085 321.1108 321.7605
320.3675 321.0705 320.169 321.5478 322.6031
321.7617 322.5858 322.1972 321.218 321.2569
321.9364 320.3279 321.5877 322.3397 322.3585
323.3101 322.1257 322.318 322.897 319.7257
320.7848 323.2428 321.051 321.7049 322.6545
324.3086 323.1035 320.044 320.2696 322.3915
322.0843 321.8155 319.7449 319.5526 319.3869
321.9284 321.7192 321.1884 320.705 321.94
322.6807 322.7301 322.3391 320.8228 319.7828
321.3651 321.533 322.367 319.8176 320.6171
321.706 319.6977 322.0005 322.0535 323.1899
322.9416 323.2985 323.1434 322.1086 322.0873
321.828 323.6384 320.9446 322.3811 321.3415
320.8697 319.5548 320.8852 322.3222 322.434
321.4839 320.3813 323.2561 320.5615 320.422
322.4691 321.2421 321.4339 321.6123 320.0549
321.5927 321.2576 322.7508 321.6457 322.5291
322.162 321.5054 322.5621 319.4624 320.3107
322.7457 320.9885 320.5127 321.1777 320.9152
321.7237 322.5924 321.3228 321.8012 321.6141
320.8712 321.6932 321.3461 322.0914 322.1176
320.3839 322.3101 320.8913 319.6836 320.989
322.7654 322.8691 322.1092 322.312 320.449
321.3314 323.172 321.5745 320.4621 320.2712
319.1778 320.5084 322.012 320.9987 320.6147
321.0195 322.44 321.1097 322.7942 322.9039
323.5025 321.8215 322.0111 322.093 321.5999
320.9732 321.1325 321.1881 322.3801 322.2906
321.6329 322.0908 321.1252 321.3408 320.7757
321.1376 322.1402 321.6001 322.3483 322.5795
322.8814 321.9323 322.3926 323.7968 323.0782
321.1112 321.6272 322.3534 321.318 322.562
320.9687 323.2871 321.1509 321.8454 322.5057
322.514 323.0092 321.844 320.9228 320.9773
321.6838 321.09 321.3842 320.8527 322.2618
320.6068 318.7335 321.1012 320.2855 320.4132
320.5731 321.2893 320.0441 321.3836 319.8259
321.8291 321.8179 322.1687 321.6371 321.5416
319.669 321.9313 320.7307 321.8898 320.2824
320.9389 320.571 321.239 322.6738 322.3739
