429.3489 430.6461 429.4837 429.8838 428.6634
427.1536 430.5316 427.9294 428.0731 427.8786
430.2431 429.6691 431.4175 431.1095 429.7729
430.8184 430.6877 431.5638 431.6465 431.1546
431.4598 430.252 429.0278 432.3845 429.8153
430.5549 430.6434 429.112 429.6913 429.4356
430.5197 430.7059 430.4811 430.0297 430.6935
431.2591 431.6831 432.0398 430.2163 429.8434
429.2096 427.7402 428.4564 429.5922 430.267
428.722 430.0454 428.49 431.4427 431.097
430.0022 428.9092 429.1037 429.5289 429.8996
429.7309 430.5919 432.2995 430.1625 429.2901
432.1796 431.6406 429.6387 429.943 430.4991
429.4891 429.4202 430.6331 431.9821 430.4183
428.1234 428.8111 430.1684 431.0309 431.6815
432.0211 432.4803 431.2453 431.694 430.1384
430.412 428.5675 428.7581 431.3806 430.4543
430.3314 432.064 431.656 433.47 430.7717
429.1744 428.0244 428.0478 430.5446 430.2794
431.7119 429.8822 430.5729 431.041 430.6048
431.9092 429.8881 427.3212 427.6842 428.4298
429.5855 430.0446 432.1398 431.831 430.1054
430.9508 430.5336 431.1372 430.7382 429.3849
432.0662 430.5811 429.1157 430.7414 429.2988
428.8051 429.74 429.7225 431.6111 429.624
431.6403 432.9642 432.091 430.2879 432.1221
429.9872 430.4856 430.0269 430.1224 431.7788
431.9038 431.7419 429.3118 429.0565 430.4326
429.6816 430.6541 430.044 430.1096 429.9854
431.3326 428.9585 431.1766 431.9921 430.8462
431.295 430.8441 430.2446 432.1891 429.1254
428.1944 429.9405 431.1001 433.6794 431.9603
430.7443 429.2574 430.2291 431.1848 430.6703
430.0028 430.1492 428.962 429.2087 429.2487
429.408 430.3538 429.533 429.9072 429.2592
430.737 431.0854 431.1121 429.8119 431.0356
433.1206 432.6767 430.524 430.6681 431.2389
429.9528 430.1251 431.0337 429.7121 431.1965
431.311 429.5978 429.6194 430.3258 430.2923
430.3831 429.2514 428.9918 429.0555 429.2569
427.752 430.5998 431.8172 432.1136 433.8304
431.9208 428.3939 431.6595 430.9179 430.8546
431.6611 430.4572 429.2422 430.5515 430.5633
428.6272 429.8433 430.6437 429.4367 430.3787
429.1835 430.4812 430.3231 431.1064 429.8069
429.3953 430.0253 429.3723 429.5954 428.9246
428.0188 431.233 429.4473 427.2321 429.9858
428.7653 429.8793 428.9245 429.2031 431.6941
428.4684 431.4788 431.2267 431.5421 431.3419
431.1212 429.9651 428.2837 429.4594 430.4005
429.6239 431.7982 429.9732 430.2099 431.302
430.2759 430.4472 431.3426 432.4768 430.9861
430.6475 428.8411 431.7882 429.8755 429.2379
430.7594 429.9607 430.4301 431.4153 431.9909
430.1595 429.7631 429.4472 431.4925 429.9109
429.5871 430.3276 431.8183 429.0423 431.9551
427.8007 429.4877 430.3292 429.2779 431.8146
431.9258 431.4764 430.1316 431.1437 430.4413
431.0424 432.4978 431.3864 429.9182 431.5638
430.7853 429.9343 431.665 429.5169 429.2895
432.3028 429.3142 431.1226 432.0157 428.8423
432.0606 429.7033 429.2467 430.6156 431.6049
431.5567 431.178 431.4556 430.2181 431.2463
431.424 428.8325 430.2779 428.7562 428.5704
429.9631 428.7015 429.2731 430.414 430.3868
428.2442 429.8341 430.4335 430.0334 431.8253
430.842 431.0321 430.4844 430.4985 429.9743
429.3711 427.1241 429.3196 430.3815 431.6126
430.9314 431.3995 431.7669 431.7031 431.3081
429.9642 430.3557 429.9894 430.0904 431.2103
430.3766 431.0767 433.3843 433.0295 433.8704
431.9201 430.2017 432.3579 430.0302 430.5792
432.6294 430.7048 430.2954 430.0684 429.9853
429.7842 428.6121 430.2235 429.6282 431.654
430.965 430.9964 429.5343 429.8419 428.5967
430.9237 428.4628 427.6645 429.8608 429.2953
430.0359 428.889 431.1119 429.7683 429.8518
427.9148 432.463 430.3415 428.6982 429.9128
430.0837 431.9757 433.5294 432.0569 431.6747
432.3676 431.6198 429.8665 428.8138 430.458
