11.74391 9.321503 -7.935829 -12.53804 -11.36003
1.348857 5.260745 2.302825 -5.443547 -7.870322
-6.055255 -0.4411363 0.7163051 1.133343 -3.657245
-5.85327 -4.957232 -2.53425 0.3541738 0.8221735
-1.28985 -4.924907 -7.553316 -3.223059 -1.427386
0.6273845 -1.221579 -4.024767 -9.013261 -5.01413
-0.6932974 2.150958 -2.482844 -4.346599 -8.252627
-3.687214 0.09310365 2.402638 -1.531305 -5.595067
-9.918899 -4.207891 2.193985 4.700278 -1.511159
-6.396526 -9.840341 -3.63531 1.666371 3.437138
-3.532523 -6.581234 -7.770712 -3.693866 -0.8719961
1.222689 -2.266655 -4.289764 -6.278189 -2.050491
-2.537878 -2.302546 -1.581018 -2.678815 -3.16634
-4.486331 -4.882178 -1.916259 -1.544398 -3.67324
-4.293806 -1.627674 -0.9026358 -2.114838 -5.680243
-6.405458 -2.697097 0.944371 0.2321775 -4.009908
-5.515592 -4.83278 -0.9940281 -1.245882 -1.502842
-4.041606 -4.141086 -3.74967 -0.6278956 -1.83763
-0.6463141 -3.135023 -2.913871 -6.547733 -3.120974
-2.642802 1.500225 -1.813528 -5.42837 -6.647857
-3.243816 -1.910039 1.952659 -2.840027 -4.125005
-6.176818 -4.004747 -1.743715 -0.6386776 -2.520179
-4.996965 -4.343424 -1.495103 -6.023581 -4.186237
-2.687049 0.8712805 -1.396626 -3.527586 -6.609504
-5.358947 -2.501926 1.181996 -3.340591 -4.215824
-2.950268 0.7450855 -0.9038857 -4.563319 -5.294761
-5.09754 -1.555541 -1.399893 -3.383501 -5.909117
-2.947556 -2.70191 0.9145732 -2.716713 -2.199427
-5.687319 -5.014498 -0.6266017 -0.002235759 -3.023525
-4.274523 -2.012493 -2.090602 -3.66055 -2.401484
-4.066864 -2.522611 -2.068722 -1.349038 -3.37974
-5.355358 -5.447428 -2.99895 -0.5231052 -0.6503845
-3.819444 -6.475889 -3.701772 -0.4349254 0.3205911
-2.517968 -3.237244 -2.189026 -4.160728 -4.916624
-2.775874 0.01291691 0.7948747 -2.026407 -6.854602
-5.922187 -4.169676 0.9252851 1.213761 -3.222285
-3.70254 -4.964274 -2.796644 -3.172752 0.1013352
-1.579345 -3.786127 -1.492422 -3.500261 -4.087986
-3.909744 -0.3351791 -0.1225501 -2.40027 -5.561035
-3.842135 -3.212275 -2.525034 1.131233 -0.3883183
-5.146672 -7.90192 -3.431123 -0.9600789 1.43008
-0.6294806 -6.483331 -7.485306 -5.360012 -0.09394739
-1.054408 0.7468368 -4.55725 -6.705649 -6.592865
-2.812405 1.869261 3.293569 -3.512346 -8.659442
-6.808314 -1.494543 1.43546 1.754411 -1.911782
-6.853048 -10.37232 -2.457717 2.37502 1.943048
-4.686209 -9.100717 -8.726217 0.2096934 4.22195
3.308271 -3.943362 -8.430084 -8.463013 -1.57563
1.468866 2.982416 -3.822679 -6.725941 -6.959322
-3.524478 -1.524293 0.3926162 -1.623697 -5.976168
-4.995707 -2.902541 0.7440612 -0.2762024 -6.640183
-6.537867 -5.694355 -0.9888135 0.267166 -0.2210463
-5.399402 -5.813931 -4.048404 0.7019791 0.669373
-0.8867652 -5.809799 -6.98788 -5.551628 1.353744
2.842507 -0.9734553 -5.808811 -6.809684 -6.023854
0.6285404 2.920482 -0.3769003 -5.698715 -5.568502
-4.085977 -2.424414 0.1057564 -0.6115202 -2.938878
-5.392547 -5.157909 -4.28107 -1.317056 -0.1980604
-0.4428077 -4.0061 -4.585859 -6.115818 -2.795923
-0.4836986 1.453677 -0.997983 -4.671083 -5.049298
-3.057943 -0.9679531 0.2457471 -2.483985 -6.604974
-4.802145 -3.038962 1.684043 1.019023 -2.967862
-6.05921 -7.789317 -0.4530239 1.921724 -0.6715344
-7.330671 -6.086837 -2.537221 1.190147 -2.576308
-1.6261 -4.372164 -3.453009 -4.547431 -1.906282
0.1302064 -2.404786 -3.001141 -3.596007 -4.776931
-2.385033 -1.633939 -0.8034565 0.7291024 -4.53751
-5.863005 -3.541224 -1.473237 1.198548 -1.260343
-4.443539 -4.107168 -4.242746 -3.185433 -1.247729
-2.454475 -3.654691 -3.342269 -2.701575 -2.144746
-1.667031 -1.17714 -1.616517 -4.730584 -2.826256
-3.522461 -1.518421 -1.787844 -1.492401 -4.106821
-4.405796 -4.005568 -3.171579 -1.469104 -1.400579
-3.115058 -4.074797 -3.744377 -0.7512566 -1.855797
-2.49749 -2.532551 -2.660458 -2.279629 -2.60879
-2.557318 -4.104793 -4.83578 -2.198045 1.197141
-1.980778 -6.857709 -4.520084 -1.020147 -0.9337224
-2.060877 -3.395087 -4.861902 -3.577868 -2.034495
-0.9138942 -2.618258 -5.249307 -4.727887 -1.605184
-0.4897356 0.3226674 -1.902694 -5.155339 -2.240937
-0.6190234 -0.3105291 -3.87896 -6.136134 -3.273778
-2.829921 -0.9672934 -3.289504 -3.169106 -4.727688
-1.526358 -2.407847 -2.189579 -3.302126 -3.032826
-2.741142 -3.027723 -2.302541 -0.04283176 -1.719692
-4.474064 -4.228624 -2.019769 -2.315447 -2.588133
-1.429468 -2.37791 -2.947303 -3.530023 -2.747652
-2.436877 -3.84457 -3.693351 -3.267791 1.045474
-1.516527 -2.403315 -5.775502 -5.070324 -3.5177
-0.3027778 -0.03926486 -3.035715 -4.890954 -4.382882
-3.852433 -1.992944 -1.555439 -1.232799 -2.805283
-5.395568 -1.862688 -0.7119718 -0.8652704 -5.568304
-4.270289 -0.002868715 0.9762732 -4.620647 -5.728435
-6.396623 -1.264627 0.7401603 0.1050724 -3.123358
-6.395878 -4.120994 -1.09534 0.1253467 -0.7592426
-3.756514 -5.035486 -3.298583 -1.217319 -1.775731
-2.368946 -3.691392 -2.282239 -2.032724 -1.264052
-2.913092 -2.174328 -3.251534 -6.619511 -3.680564
-0.5180013 0.1246302 -3.793379 -5.880407 -4.146962
-0.7657819 -0.7079659 -1.559795 -6.522483 -5.264983
-1.625485 1.002943 -1.451996 -3.86998 -5.541792
